V1,V2,V3,V4,V5,V6,V7,V8,V9,V10,V11,V12,V13,V14,V15,V16,V17,V18,V19,V20,V21,V22,V23,V24,V25,V26,V27,V28,V29,V30,V31,V32,V33,V34,V35,V36,V37,V38,V39,V40,V41,V42,V43,V44,V45,V46,V47,V48,V49,V50
0,0,0,0,0,0,0,0,0,0,0.000140881621582934,0.000208835414589488,0.000180778332523393,4.1220575013542e-05,0.000276471658322201,0.000457989176470193,0,0,0,3.02323817718742e-05,0,0,0,0,0,0.000172096136145525,0.000440836966939107,0.000314071099849743,0.000350501660631772,0.000222680932315217,0.000700375050957038,0.000877250020327021,0.00104418310647689,0.000872447883544693,0.00140771193124494,0.00110014629347021,0.00122215806192192,0.000137359722695228,0.00102270819750749,0.00167586611710463,0.00217541833335444,0.00169587527116097,0.00104165763813188,0.000869386926975719,0.000529354385903433,2.77761256438891e-05,0.000418019041346643,0,0.000118711541760087,9.29359156341512e-05
0,0.000350630196437513,0,0,0,0,0,0,0,0,0.000203491764933247,0.000158826924767097,2.64624198051517e-05,2.90399168626105e-05,0.000282774727819895,0,0,0.000232317340622704,0,0,0,0,0,0,0,0,0.000492074960887076,1.93462661652395e-05,0.000242839907621201,0.000392909144478216,0.000844337244589751,0.000980611440304726,0.00166204856560314,0.00134933804736271,0.00163183186370929,0.00207330174099007,0.00147990009287557,0.00149765700745719,0.00129916203700857,0.00154204740913941,0.00190688013693048,0.0020444859135306,0.00144531167029167,0.000589611657548483,0.000493771924290586,0.000279705142268597,0.000360907371948906,0,0,0
0,0,0,0,0,0,0,0,0,0,0,0,0,0,0,0,9.20280034771377e-05,0,0,0,0,0,0,0,0,0,0,0,0.000169552155721977,0.000614256177744476,0.00070613170195794,0.00123010716099815,0.00166302538441778,0.00152285119019978,0.0011893198720934,0.00176165461395693,0.00150396491685511,0.00176051568477486,0.00133858646340572,0.00170105586206902,0.00245579867512162,0.00207121546388845,0.00146258071695973,0.000729368407967385,0.000705190981750175,0.000525719246335546,0.000357996090599128,0,0,0
0,0,0,0,0,0.000201243712103476,6.42620676068139e-05,0,0,0,0.000220405011200893,0,0,0,0,0.000302325807743815,0,0,0.00010860310845109,0,0,0,0,0,0,0,0,0,0,0.000326961264124089,0.000545008409243202,0.000960685483214617,0.00100472827276156,0.00120213845740633,0.000911859248608852,0.0011491327168022,0.00150278178585912,0.00174779576681394,0.00122727169506529,0.00171859381554152,0.00186042589933599,0.00140665672922538,0.00139692011896141,0.000351946027350152,0.000349746281570194,0.000537359594670672,0.000385123703872652,0.000405619824127872,0.000196804298648942,0
0,0,0,0,0,0.00070553646734657,0.000243722579071401,0,0.000428403414801511,0.000508963228372596,0.000568621741529838,0.00049084237216401,0.000726568206359624,5.05045807053267e-05,0,0.000365638176299554,0.000551916863159344,0.000205932413747718,0,3.23850247597882e-05,0,0,0,0,0,0,0,0,0,0,0.000185963916200136,0.000614360657328246,0.000764065432717824,0.00117396263968775,0.00108119761102532,0.00103307190883405,0.00135902434923822,0.000942952499147124,0.00150950682929402,0.00156355780076572,0.00123788854237527,0.00124991201454147,0.00100398964923333,0.000764089597070036,0.000639898680441955,0.000483941553192106,0.000569556410231504,0.000422135357635242,0.000258293260124294,0.000148738219636245
0.000216238750073669,0,0,0,0,0.000412110837531388,0.000636011648177225,0.000286194253409316,0.000872633587041285,0.000403783847517298,0.000640059304331641,0.000994045099885729,0.000514538683778301,0,0.000115475847246242,0,0.000305627724971409,0.000177966581862063,0.000203294356299425,0,0,2.49132488337202e-05,0,0,0,0,0,0,0,0.000169146177558704,0.000697570159077794,0.000575375440548568,0.000521351179942343,0.00115689730558994,0.00134514323901898,0.000795855876816552,0.000762728034773836,0.000577253229996526,0.000982635775020672,0.00108070319158154,0.0010157246617737,0.00105692703793724,0.000812481123533596,0.00065118778291349,0.000520784295792522,0.00082581061043562,0.000468498972382101,0.000440283844806025,0.000298865152479342,0.000393711512168434
0.000254082973949184,6.42677794548796e-06,0,2.93416685030014e-05,0.000274841742666164,0.000739870083502495,0.00117288619075185,0.0011481338271462,0.00116988539478134,0.00093972249373704,0.00102352600830772,0.0011919515562327,0.00099952481700243,0.000841854396654923,0.000229007509010478,0.000138722949054673,0.000263756780399795,9.13515797721474e-05,0,0,0,0.000407785645252511,0,0,0,0,8.24649160586279e-05,0.000501152622347101,4.81824860314547e-05,0.000716766301915861,0.000701848065368825,0.000374388629602096,0.000879157852568325,0.000800508568950364,0.000818747072801243,0.000668472348072137,0.000722850934857726,0.000837305619685235,0.000244991838316127,0.000221977200788961,0.000292194611580657,0.000509903586308145,0.000710838309845986,0.00118083211400815,0.000643675098622396,0.000692737565089762,0.000397374361614459,0.000480036007872077,0.00044239800829981,0.000684170530075447
0.000689775821822156,0.00077534325601584,0.000367069807427615,0.000199160019704104,0.00083044951833581,0.000832466375595492,0.00116836003290826,0.00112167859972438,0.00142193606658005,0.00111411366458968,0.00110681263484345,0.00105416645623827,0.00044384774919345,0.000203176586846854,0,0.000368848543285065,0.000301569341901466,0,0,0,0.00015976537791281,0,0,0,0,0,0.000140964097195803,0.000197112670127314,0.000772482824987014,0.000821980979845965,0.000629009637867778,0.000460984596813109,0.000256754755696333,0.000210122919024175,0.000392503753692951,0.000762447932743113,0.000888387115230251,0.0010530673198792,0.000770266774261973,0.000375238811523549,5.17359680346632e-05,0.000374083685127821,0.000739798670989447,0.00115104454700138,0.00118190267888276,0.00115506216022382,0.000438754414918723,0.000395181938930364,0.000675130726621668,0.000209644445552531
0.000991937405100023,0.00085042685634863,0.00103898504090247,0.000661138689898151,0.000363561259839877,0.000455842365778258,0.00100039712575822,0.00108000342894116,0.00152148001431763,0.00124170252897753,0.000795961126268187,0.000586400963164237,0.000363282529835343,0.000415171246360552,0.000329054181454571,9.91101531463174e-05,0,0,0,0,0,6.22314189804738e-05,0,0,0,0,0.000179806370082448,0.000492898647065994,0.000598821187065165,0.000279712233744257,0.000208201695372858,0.000330040869391321,0.000266015343144844,0.000413772027222719,0.000229070225240907,0.000997309869029629,0.00136169203820473,0.000766806453834032,0.000506384068907903,0.000224101578960143,0,8.20243103741303e-05,0.000873573562188923,0.0011239181174256,0.00166021611677548,0.00157702216903605,0.000117616044632051,0.00053332861045691,0.000496692749984848,0.000443489862633343
0.000513071400415942,0.00109236845495267,0.00126924100223013,0.000722107435489377,0.000339480020818096,0.000207365178188966,0.000963421827262161,0.000588263182873631,0.000511989764906285,1.80845562759353e-05,0.000258274015641817,0.000234180875941216,0.000647818804522156,0.000291523192093474,0.000729204105620954,0.000205327197083256,0,0,0,0,0.000312832618255943,0,0,0,0,0.00013415931646823,0.000366559919646184,0.000465823155540007,0.000418955997458308,0.000311173973177481,0.000323857802225339,0,3.95901931232605e-05,0.000440935529113723,0.000717600654259089,0.00108132123460394,0.00146601026134986,0.00132746695666642,0.000988391172392591,0.000359415722902698,0.000207913873703202,0.000819441953394194,0.000524028183913753,0.00076277732349872,0.000705866451011745,0.000701502044139682,0.000596497459521034,0.00042916349678151,0.000737640290886925,0.000204586163798108
0.000473131589769957,0.00102195602233094,0.000386744101380563,0.00101780316033847,0.000543242797952269,0.000305985062498931,0.000458055066046073,0.000536874517557678,0.000364193384944071,0.000496912773443334,8.55613015698775e-05,4.13720322166193e-05,0.000324241218183693,0.000445130010509905,0.000901368313731149,0.000534457311996749,0,0,0,0,0,0.000281382634778355,0.00024044234591621,0.000137968140212504,0,0,7.16330652285343e-05,0,0.000770803349105467,0.000196387675290313,0.000116443485802957,0.000757466353777968,0.000719553009485522,0.000619718874275667,0.000236057922219108,0.000326303170805975,0.000992694198770086,0.000740531921975473,0.00109884160020388,0.000154708458167917,0.000190523287780267,0.000552275267492988,0.000468624383307461,0.000183302576660757,0.000255993819389813,0.000134847616985282,0.000503436995567815,0.000855018400737057,0.000718291891679588,0.000316362063669519
4.13443238873804e-05,0.000799050635286711,0.000426721473747763,0.000452680875663985,0.000654345585210843,0.000311674366326669,0.000409183603953128,0.000656039700787245,0.000600779377967077,0.00041404378645534,8.40368383364759e-05,0,0.00032695527666742,0,0.000222626659138513,1.108644483635e-05,0,0,0,0,0.000103757163349837,0.000420385810889394,0.000398187948340481,0.000162816076669525,0,0.000211462957020659,0.00100199258718782,0.000203941310983959,3.17210883762983e-05,0,0.00039881522117451,0.00073370822766434,0.000905027328006168,0.000779624180495718,0.000468046965378854,0.000474821242418241,0.000641750996082094,0.000802099436285076,0.000653098580969872,0.0004437891393348,0.000531312828512676,0.000322183142308858,0.000234231531200167,0.000191867205217436,0.000306049210440649,0.000692747917576823,0.000726423573651838,0.000860002899340386,0.000949594697110993,0.000867954647413727
0,0,0.000137966871853764,0.000323822967344931,0.000145116643910854,0.000454246396626179,0.00059126810816388,0.000521569150009556,0.000550995663280207,0,0,8.81889870215881e-05,0.00043978538179947,3.97296656964387e-05,0.000607098023198976,0,5.09630903165067e-05,0.000353786474839962,0.000229485845716823,0.00019054260832744,0,3.03517017576116e-05,0,0.000243188991718949,0,0.000959472650786785,0.000552680266274463,0.000667601187728632,0,0.00033123804231188,0.00102348183362216,0.000928388129055382,0.00073342006595747,0.000559875290348945,0.000925816130771281,0.000601954079645517,0.00034208187915311,0.000325461031516702,0.000318896669722361,0.000798813494741193,3.28387854154097e-05,0.000474432781042929,3.61199645973003e-05,0.000269648874241427,0.000510462884481944,0.000889700610579179,0.000700036677230228,0.00103191979696575,0.00103488709810012,0.00118617790605541
0,0,0,0.000266148752176141,0.000435795800227007,0.000147951747061674,0.00016431442972811,0.000361006219398665,0.000249085721287479,0.000521019397952861,0,0.000143464278954023,0,0,9.36232028057575e-05,0,0,0.000336451320125357,0.000604839503901757,0.00113199181538237,0.000744454486315985,0.000357769919137337,9.25037658837361e-05,0,0.000235333560339961,0.000406727636437778,0.000236365811946247,0,0.000180543568989289,0,0.00111167629841373,0.000878443515352692,0.000815184605791798,0.000849331755141865,0.000750983746912548,0.000156794319038237,0,0.000547297827064471,0.000524419163038813,0.000412571968991938,9.28436418646188e-05,0,0,0.000325077400704541,0.000551586547005984,0.000487032537119448,0.000744688172341508,0.000346424128419251,0,0.000580002488847858
0,0,5.78971397777291e-05,0.000276287242734285,0.000142321759901472,0,0,0,0,0.000161293485029807,0,0,0,0,0,3.92045333389697e-05,2.2214776453767e-05,0.000557368267408774,0.000982521690531277,0.000924812297962144,0.000887898894899415,0.000402923434113487,0.000494305444712203,3.90276887294504e-05,0,0.000110585729658808,5.86041206440808e-05,0,0,0,0.00022386206859282,0.000462214088141542,0.000343896063142614,0.000178568575994368,7.73084749944919e-05,3.73755573990927e-05,0,0,0.000380855732383956,0.000629441609828268,0.00012262989456157,5.03005578232509e-05,0.000128761378257067,0.000307166888374923,0.000588105967951475,0.000223457050871527,0,0,0.00034351125748373,0.000491178892495454
0,0,0.000128494382253604,0.000104625793480189,0.000502977467993816,0.000301905924173735,0.000125708115491837,0,0,0,0,0,0,0,0.000321410778593304,0.000470740822858216,0.000586435036558686,0.000598915868749538,0.000289255648954417,0.00127201073828635,0.00108132268456877,0.000651926682420793,0.000388387034351021,0.000112329943682434,8.47554169998748e-05,0,0,0,0,0,0,0.000235572657706793,0.000521778431787886,2.08943144593952e-05,3.92822405108565e-05,0,0,0,0.000573599436345104,0.00037236763229293,0.000200209166663581,0,1.34122958387643e-05,0.000278600501414446,0.000270034026733964,3.32789490979147e-05,0,0,0,0.000288897381205685
0,0,0,0.00035140746142958,0.000871476914465414,0.00032043899566747,0.000289158249506174,0.000102125066204737,0.000270746303715372,0,0,0,0,0,0.000166251636899256,0.000391560275994145,0.00023629704970331,0.0002488677920573,0.000280558203701844,0.00058069049169472,0.00110467333938264,0.000951759492266575,0.0012395118383951,0.000449897724841146,7.0584577456311e-05,4.83490702074589e-05,0,0,0,0,0,0,0.000409268168456514,0.000113065586745669,0.000496240855410529,0.000389778879539265,0,0,0.000103117269578071,0,0,0,1.35624715859564e-05,7.23007213811562e-05,8.19543197220278e-05,0,0,0,0,0.000507164164538531
0,0,0,0.000279943808319096,0.000271045029883492,0.000289187354079638,0.000236797513460247,0,0,0,0,0,0,0,0.000195634518170626,0.000901962438173765,0.000749157887810364,0.000502592911488036,0.000576567975429848,0.000315009505836493,0.00112592564823885,0.00148593909201214,0.000561709692504816,0.0004077690039988,0.00031344141097833,0.000590955768123812,0,0,0,0,0,0,0,1.74184941290184e-05,0,0.000238688384111558,0,0,9.65867159941903e-05,0.000171655386862193,5.24893890080441e-05,0,0,0,0,0,0,0,0,0
0,3.96713141299369e-05,0.000219402943779283,0.000582521871114424,0.000755213903832472,0,0.00026604723960979,0,0,0.000172933965316917,0,0.000269959482070955,0,0.000349046371589362,0.000638450448994454,0.000730168815321571,0.000744821441059925,0.000880930293401812,0.00108228160406316,0.00114022134464784,0.000733505219684067,0.00131395013436551,0.000579297913449086,0.000634699296400409,0,0,0,0,0,0,0,0,0,0,0,0.00033240235758321,0,0.000386315253367428,0,0.000224123829176772,0,0,0,0,0,0,0,0,0,0
0.000212744625527399,0,0.000282236206219997,0.000841060060653273,0.000348676826953968,7.69787139995843e-05,0.000647096611193393,0.000797110170995107,0.000460332785550729,0,0.000261981919058423,0,0,0.000630166296056042,0.000787920629185896,0.00048287539198737,0.000155558277524118,0.000430254128944702,0.00106602704430207,0.000818259449864826,0.00100821541851961,0.00124395625386585,0.000683417598110586,0,0,0,0,0,0,0,0,0,0,0,0.000212559008609943,0.00036574937193913,0,0.000374313064593274,0,7.56352664714342e-05,0,0,0,0,0,0,0,0,0,4.20504800729248e-05
0.000603591319205982,0.000276905340062615,0.000490164675429185,0.000526210049685297,0.000560275175403128,0.000279646592224948,0.000975949288956947,0.000632715263719075,0.000860176014473093,0.000552005682473043,0.000363853715932798,0.000227384398563194,0.000559680344156449,0.00104817181915624,0.00115106738187894,0.000976531537335311,0.000433191567714185,0.000735033308517599,0.000782722905403006,0.000955338376084117,0.000825833705442564,0.000573579049329012,0,0,0,0,0,0,0,0,0,0,0,0.000282472437649447,0.000760289493198915,0.000789488067110728,6.32926004656206e-05,0.000105167314693126,0,0,0,0,0,0,0,0,0,0,0,0.00030841178481637
0.000637853580606329,0.000849362268250014,0.00089876922790232,0.000558252003341646,0.00079350825261103,0.00075038467579505,0.000617609215697834,0.000590781042394858,0,0.000600509811516646,0.000733522815076431,0.000605627301385197,0.00104555604800304,0.00097907629653524,0.00122464650764053,0.000908661308940331,0.000728081058732584,0.00109570235258862,0.00118686742886168,0.000902302943369898,0.000998711323773371,0.000404487546372554,0,0,0,0,0,0,0,0,0,0,0,0.000133110089045496,0.00021331471982636,0.00061993246345503,0.000450532446263241,0.00012936580871884,2.17730081290562e-05,0,0,0,0,0,0,0.000200628118789214,0.000170129207437289,0,0.000192979134095096,0.000752527646346679
0.000384982446040933,0.000437335381031581,0.000843056187007279,0.000835233569780198,0,0,1.5418054244026e-05,0.000197732783552125,0,0.00013549265121392,0.000415609617344419,0.000386687355933397,0.000588382189880908,0.000589788683702931,0.000873543193120604,0.00139058147730641,0.000798501024567554,0.00102880735403411,0.00073400427666989,0.000488990991675863,0.000191014880351915,0,0,0,0,0,0,0,0,0,0,0,0,0,0.000378321635372728,0.000290969705359144,0.000551762346151414,0,0.000171990114110225,0,0.000277081727034226,0,0,0,0,0.000378096529386894,0.00112578445736873,0.000793765477977271,0.000454382510047653,0.000102643212501262
0.000768681648712971,0.000718600757259498,0.00037518527150895,0,0,0,0,0,0.000115343390281844,0.000140804336335964,0.000273381813604497,0.000711466455461159,0.000774644592176386,0.000623610364453167,0.000790663394036251,0.00115940640239077,0.00129929539326903,0.00115460393379649,0.000748035859264418,0.000111995394237399,0,0,0,0,0,0,0,0,0,0,0,0.000102337788450058,0,0,0.000504876893534901,9.25207785605601e-06,0,0,0.000210182196119117,0.000224426241017556,0.000620869071937994,0.000141992282585001,6.59196056559922e-05,0.000628889216999828,0.000467317357269758,0.000997719051958691,0.00131845726562591,0.000712265025713173,0.000859334125085653,0.00077735189253605
0.000917067648319578,0.00103919177447806,0.000395189073690357,3.86034958209858e-05,0,0,0,0.00014755263430411,0.000481697676903609,0.000311374642066782,0.000986319965724888,0.0010330635666737,0.000975439197603476,0.00106962762660628,0.00123015124336173,0.00149318645442915,0.0014806862046511,0.000672059779040716,0.000301337244562382,0,0,0,0,0,0,0,0,0,0,0,0,0,0,3.13810104567035e-05,0,0.000330364446032649,0,0,0.000237513738937506,0.000689231467088723,0.000282577428110221,0.000669385182245203,0.00072613557332807,0.000763881646380315,0.000601284464083914,0.00121622957285118,0.00180565219511996,0.00141967308277104,0.000869334993247145,0.000492136920511242
0.000948960854662916,0.00119878270187877,0.000892957273525474,0.000613694966245908,0.000362308927394973,0,0.000357800703060368,0.000417424447006807,0.000846959204539801,0.000821903704489816,0.000992645888151322,0.00139158870804246,0.00131150252167259,0.000602124329519169,0.000665676536762004,0.00103199960257409,0.000572399915625302,0.000261996546187822,7.78851393546419e-05,0,0,0,0,0,0,0,0,0,0,0,0,0,0.00013178577244634,0.000116631700017499,0.000369669778652196,0,0,0.000316592560475663,0.000353616129067988,0.000299502023573417,0.000584450843499076,0.000822008924960919,0.000965390612814271,0.000925597326288929,0.00115485172517274,0.00129706126484412,0.00124952422158201,0.00141624267348481,0.00170566535953526,0.00133017479409681
0.00115388578422769,0.00111153242674647,0.00145831534289925,0.00090532912040384,0.000415825047769726,0.000351118815029953,0.000698972547135801,0.000474579853446346,0.00075166015240421,0.000903733445538567,0.00156702600417533,0.00211181244469783,0.00226596232858243,0.00165106409081041,0.000863090282389634,0.00101939809460036,0.000405684935046049,0.000361755023126333,0.000672168475275231,0,0,0,0,0,0,0,0,0,0,0,0,0,0.000201646617647238,0,0.000179078392975359,0,0,0.000191126984014245,0.000411932668816495,0.000926030890425377,0.000758260479841466,0.00129103731118016,0.00104058649452199,0.00124053020203017,0.00113494635317604,0.00176832887155916,0.00135555877271387,0.000863110831208512,0.00132871880752027,0.00197276176322319
0.00119267195439554,0.00134588475799045,0.00116010104742013,0.00095617294997066,0.000840949441515906,0.00106578513259472,0.00110240936745345,0.00117830058193766,0.00121273151242479,0.00102647720475132,0.00144855548200106,0.00182360004347465,0.00189534626394013,0.00175834225051226,0.00134205184483601,0.00116040078038674,0.000824732890877276,0.000678375371735817,0.000635617709578793,0.00060281292874732,2.36890496693438e-05,0,0,0,0,0,0,0,0,0,0,0,0.000147709860378645,0.000403787340228137,0.00031001192262393,0,0,0.000321339540432864,0.000484308012705666,0.00057330096522556,0.00101042034718311,0.00145363617340537,0.00173091810660115,0.00137344824207999,0.00169250274112072,0.00188394994471643,0.0018231665493245,0.00170378876939865,0.00185742310011352,0.00192208033049417
0.00144116802779751,0.00116799666319502,0.00101231928299528,0.00116604812887196,0.00057134235773621,0.000444457756629795,0.000833433335654109,0.000673581693749478,0.00138044844620993,0.000992493727818892,0.00138727360285373,0.00165695873448904,0.0018820730549672,0.0014056617898982,0.00154820964759629,0.00091732329827337,0.0012448140207584,0.00112044630332326,0.000784030940723052,0.000415121845320553,0.000189438149285231,0,0,0,0,0,0,0,0,0,0,0,0.000330124735554294,0.000143675802008682,0.000382228836557756,0,0,0,0.000431013560998036,0.000389168858959483,0.000739361971549816,0.00161320908884046,0.00162056527599313,0.00164028116568318,0.00246583605702211,0.00250675488635403,0.00208049166310085,0.00162323489754013,0.00177689294300646,0.0014302476195138
0.00106734522000477,0.00103082781919073,0.000586645441324049,0.000917019541198133,0.000383718034720703,0.000152663175098782,0.000727029636134667,0.000929147671320498,0.00096529472877573,0.00101811207647305,0.000857262400956889,0.00143873148493872,0.00147337795841667,0.00133375735084777,0.00129551532231393,0.000830374859394686,0.00124713264167213,0.00109756345688448,0.00129430664735058,0.00104229718373528,0.000257374190484279,0.000227332243421173,0,0,0,0,0,0,0,0,0,0,0,0.000302371508583532,8.39901596585643e-05,0.000246757313339586,0,0,0.000217109216791336,0.000612430874807399,0.000873365399085119,0.00111134012788195,0.00120461517175617,0.00201551035967484,0.00226378018666479,0.00254109920044621,0.00228909734686611,0.00228033769140516,0.00198880421716477,0.00205149984618825
0.000777566792856689,0.000671906834440702,0.00078827811779919,0.000617472342396803,0.000790733032799305,0.000442474105448709,0.000820142173468251,0.000673694066278776,0.00117741017690025,0.00131209919920385,0.00111726093759206,0.000936073026389409,0.00112071388359029,0.00116817297335138,0.00158125444984406,0.00133442900516803,0.0014136798923906,0.00125580003792412,0.00173890502949518,0.0011319748355284,0.00111158534725572,0.00029618749013788,0,0,0,0,0,0,0,0,0,0,0,0,0,5.6762801181501e-07,4.31862074392902e-05,0.000121053701428305,0.000257818631384519,0.000662511702926531,0.00100318686061967,0.00100955651645015,0.00113086076974469,0.00180282446384335,0.00198470290321784,0.00234476803480698,0.00229981938649765,0.00237691277516726,0.00213941047546905,0.00251219379173524
0.000542046860013618,0.000531701546910435,0.000339999612951361,0.000660139456446587,0.000715410565497405,0.000590781467060628,0.00104764107567853,0.00103183931125936,0.000802620458944765,0.000357723707115268,0.000750558444254882,0.000810202618693327,0.00119490649101418,0.00130007343264181,0.00179346999038199,0.00151503241288857,0.000988805516202517,0.00116681446989982,0.00122599305661062,0.00127621170575471,0.00111439507208615,0.000548075138739737,0,0,0,0,0,0,0,0,0,0,0,0,0,0,0,0,0,0.000694534737258894,0.000564283545420065,0.000442439509084071,0.00121882210772718,0.00114928581257395,0.00141248771471054,0.0017473349902566,0.00219523666552836,0.00241341790122247,0.00184448558774368,0.00198175423747059
0.000249380327638319,0.000129410176574197,0.000135048635771677,0.000184582932140729,0,0.000832884533650433,0.000538723052771019,0.000950317835925889,0.00101564381941936,0.000877444284282561,0.000335084251086582,0.00127986375706825,0.00103984689993999,0.00109172014544052,0.000907449995706491,0.000970587495615835,0.00106838443671174,0.00107464437387374,0.0018409694842542,0.00144413210884507,0.000905128073420445,0.000413924043170195,9.95436098964163e-05,0.000383600007508735,0.000166504604009217,2.18701530312488e-05,0,0,0,0,0,0,0,0,0,0,0,0,0.000574387183992197,0.000419177505625985,0.000236784295644262,4.88810801943483e-05,0.000133256286739581,0.000842768872164394,0.000776514698829265,0.000940568632046579,0.00176369647163085,0.00144766262568205,0.00159308550999352,0.00139610921983576
0.000182212809938198,0.000438027370137987,0,0,0,0.000452767489714442,0.000589257818915715,0.000790613794376018,0.0010406862488318,0.000525486790160545,0.000874552254095217,0.000974791274460282,0.000779741389175083,0.000679776266021674,0.000485199421211679,0.000512493859434301,0.000396853812969771,0.00114591842558065,0.00108596717551444,0.000573147721531866,0.000892921684572185,0.00093653796548659,0.000765683664687097,0.000767773444558398,0.000782031674994331,0.000768053209259462,0.000137193058954067,5.52313195969438e-05,0,0.00040303627349902,0,0,0,0,0,0,0,0,0,0.00058611211930808,0.00016175551229015,0,0,0.000266841450894953,0.000620978426602218,0.000592394003419891,0.001044621874216,0.000992340984016199,0.0013560228123877,0.00156569945858604
0.000292829714411892,0.000172830198987583,0,0,0.000198103934048975,0.000236253122979844,0.000704750917356662,0.000845359353699358,0.000498747120813004,0.000313850710432095,0.00108947658956323,0.000918507946822179,0.000810777003940029,0.000419377083973441,0,0,7.87388514731864e-05,0.000702177860408422,0.000787266172838579,0.000920957983400551,0.00106874301949331,0.00122036920962757,0.00116856455423413,0.000779031087310298,0.000897815326244482,0.000202147128096879,0.00036370288716228,0.000245350861648619,0.000340716682907878,8.95459270030007e-05,0,0,0,0,0,0,0,0,0,0,0,0,0,0.00018393356322778,0.00041942499039472,0.000393533784372805,0.000863098823960992,0.000906433867474277,0.00146042621985921,0.00152345115949753
0.000359215588877545,0.000230322739490258,0,0,0,0.000209563315705934,0.000733521970224768,0.000480436066817468,0.000212565209413946,0.00034900353729344,0.00101380298978134,0.000365139440369759,0.000682202762496774,0,0,0,0,0.000240474898340223,0.000837744614494167,0.000760435781575147,0.000803975279210124,0.000776990088046677,0.00120791600798031,0.000780333547883111,0.000669530174999254,0.00026298339011006,0.000242250470979281,0.000327249003839061,0.000107619869007793,0.000234417888215894,0,0,0,0,0,0,0,0,0,0,0,0,0,1.67948644521555e-05,0,0.000907432685963782,0.00126767233433565,0.00128650097717369,0.00173346479333841,0.00135862598608772
0,0,0,0,0.00023365703589935,0.000213387020523442,0.000503345307696406,0.0004147705364874,3.80771313180284e-05,0.00038161743894179,0.000702092778267057,0.000896487020594736,0.000289005471919266,0.000564142656301451,0.000268909698792174,0,9.79016178442003e-05,0,0.00059044000240023,0.000823380133080484,0.000563535387297003,0.000221369546512967,0.000304617025175848,0.000130557608681297,0.000615251186230086,0.000576756006095959,0.000349176169093423,0.000120949640498572,0.00031105546891241,0,0,0,0,0,0,0,0,0,0,0,0,0,0,0,0.000232535895076205,0.000523484619644101,0.000930020500963701,0.000851343531953951,0.00101806443378444,0.000742476283901594
0,0,0,0,0,0.000298724654989464,0.000647779702099694,0.000373820426977879,0.000373131617268231,0.000589550066398183,0.00100148690395128,0.000476759772256232,0.000423337241119231,0.000203093484491636,0.000600099429877797,0.000236509265343655,0,0,0.000607521857978671,0.000907247053601817,0.000802456865076159,0,0,0,0.000323728916410579,0.000576704010093714,0.000323953533040954,0,0,0,0,0,0,0,0,0,0,0,0,0,0,0,0,0,0.000314287893586961,0.000312198080827147,0.000790036155460642,0.000914598671230901,0.00109447118719718,0.00144954370208087
0,0,0,0,0.000201968959339097,0,0,0.000366249970298802,0.000364794705626948,0.000675536466789772,0.000957321190128755,0.000559128453115824,0.00030967510359107,0.000744453876026359,0.000716025263824523,0.000138524533598615,0,0,0,0.000196181980639324,0.000266707417102293,0.00020420748292335,0,0.000182231759424431,0,0.000419305803246276,0.000300367510982165,0.000706051990188044,0,0,0,0,0,0,0,0,0,0,0,0,0,0,0,0.000191156472612038,0.000614446264242498,0.000590799605017479,0.00029363530446899,0.000506555060468988,0.00120917180440228,0.0018556485382048
0,0,0,0,0,0,0,0,0.000217856944896028,0.000434431593477338,0.000445534993171362,0.000345925078359894,0.000986534401799451,0.000473761729227312,0.000863456794447972,5.25463160144008e-05,0,0,0,0.000207913315053728,0.000642517980564602,9.30184483110991e-05,0,9.33710296438731e-05,0,0,0.000399055080273661,0.000178592406254453,0.000165500086514446,0,0,0,0,0,0,0,0,0,0,0,0,0,0,0,0.000181421104409918,0.000518737191920199,0.00061229445095514,0.00104662240011459,0.00131440772960646,0.00137690104786989
0,0,0,0,0,0,0,0,5.60020124118832e-05,0.000739791829817378,0.000461524655573489,0.00069208836086798,0.000691474567153539,0.000643336845841698,0.000649833171738638,0.000567081763165882,0.000227146454795887,0,0.000263955420224465,0.000291376393753969,0.000245291842241688,0.000274950901524795,0,0,0,0,8.11147424408457e-05,0.000542898145565059,0.000552217853256849,0,0,0,0,0,0,0,0,0,0,0,0,0,0,0,3.89932415298738e-06,0.000465761452025412,0.000495973917952205,0.000686427253196527,0.00093411455176871,0.00156428523730421
0,0,0,0,0,0,0,0,0,8.79699892507175e-05,0,0.000284807044278991,0.000415601985527836,0.00032443171607418,1.70298498633497e-05,0.000319195133294644,0.000679540779487014,0.000273350557087476,0.000287930405998136,0.0001003126466868,0.000445961313066724,0.000302814418328222,0,0,0,0,0.000415810419217492,0.000159905034628034,0.000133681097459467,0,0,0,0,0,0,0,0,0,0,0,0,0,0,0,0.000200652917880062,0,0.000671544600692231,0.00048556683830697,0.00107426423648,0.000787054225624101
0,0,0,0,0,0,0,0,0,0,0,0,0,0.000370241229953037,0.00031546055790558,0.00027118114618165,0,0.000482538773620187,0.000437051742329186,0.000220918162289482,5.91006032210224e-06,0.000433238419464556,0,0,3.50102845323013e-05,0.000487792175324606,0.00118219883786756,0.000870399647121688,0.000377082608005996,0,0,0,0,0,0,0,0,0,0,0,0,0,0,1.60627873242557e-05,0.000559158502141313,0.000617244717531723,0.000636579632536062,0.000200314002714759,0.000260248373997362,0.00100468979089523
0,0,0,0,0,0,0,0,0,0,0,0,0,0,0.00023538258465323,7.09958908235916e-06,0.000240883406292589,0.000819921537875252,0.000515862123408545,0,0,0,0,0,0.000763384013130871,0.00105757659558087,0.000978769327626306,0.000753193091053654,0,4.18810911704798e-06,0,0,0,0,0,0,0,0.000238009629591285,0,0,0,0,0.000115909231000804,0.000265145666799895,0.000531219666155888,0.000669480568739805,0.000732355149533938,0.000148755315946778,0.000692914210216186,0.0010034444691855
0.000634527644067917,0,0,0,0,0,0,0,0,0,0,0,0,6.49162791570378e-05,0,0,1.00440331296216e-05,0.000389753526934785,0.000182521780381152,0,0,0.000485349538439427,0,3.98724595825651e-05,0.0010695126499969,0.000707199768410633,0.000641378471017086,0.000323746535216881,0.00046827781154548,0.000151154085967696,0,0,0,0.00017643698733896,0,0,0,0,0,0,0,0,0,0.000296586683669847,0.000190916219932103,0.000671974830772,0.000826999530439364,0.000648931875045942,0.000280235987362908,0.000612506069559541
0.000202626044945651,9.66466859288086e-05,0,0,0,0,0,0,0,0,0,0,0,0,0,0,0,6.99967242935081e-05,0.000426940552473433,0,0.000259585636536057,0.000550125519235717,0.000451872919676722,0.000536813594541877,0.00135214521089929,0.00109360206063304,0.000705846149566477,0.000487195770223212,0.000614259720862066,0.000471881181723745,0.000205527900913387,0.000422058363801429,0.000542869457064342,0.000211866726114971,8.82105832769571e-05,0.000145924825956733,8.58070892205973e-05,0,0,0,0,0,0,6.97191695939001e-05,0.00026610486517875,0.000255837211693758,0.000430085221984544,0.000563258494241159,0.000452996480415863,0.000884649383609477
9.49041117244494e-05,0,0,0,0,0,0,0,0,0,0,0,0,0,0,0,0,0,0.000366090523704041,0.00073513010492708,0.000409687769460742,0.00101011307342239,0.00114191832766057,0.000803747107013819,0.000397703045255727,0.000609306788306974,0,8.13557852449204e-05,0.000498494462673909,9.52709197715156e-05,0.000935081949480353,0.000754505454412169,0.000812734578589456,0.000671994657340473,0.000313899484240024,0.000501903596276681,0.000310093561961374,0,0,0.000131598092020648,0.000562666668570384,0.000357512090453256,0.000655093429280115,0.0006880296382357,0.000164879216962852,0,0,0,0.000296147366658083,0.000891874789948771
0.000419175477955195,0.000156471119901991,0,0,0,0,0,0,0,0,0,0,0,0,0,0,8.57773443321415e-06,8.19312124428004e-05,0,0,0.000827741517079051,0.00125167806967825,0.000953836387388114,0.000649237824670162,0.000261955248061815,0.000133526731797537,0.000217134674860688,0,0.000402461186628763,0.000926410069181754,0.001031368669036,0.000845642491529492,0.00018801133737346,0.000496068686188275,0.000883286427838492,0.00094449982633784,0.000638739573570819,0.000664971058486959,0.000667902321192358,0.00051200547320266,0.00117064262643466,0.00116312127948914,0.00109096747980948,0.00125677164395214,0.000892010422723207,0.000152267570385521,0.000245398645430694,0,0.00036318340315878,0.000604998667439392
0.000662512221391375,0.000305083351146747,0,0,0,0,0,0,0,0,0,0,0,0,0,0,0,0,0,8.19933862452378e-05,0.000836960013886054,0.000940698870749342,0.00125785149873892,0.000263029425724738,0.000642388419949348,0.000106874916721803,0,0,0.00092687046969791,0.0013036312596482,0.000963037913228106,0.000592816305737023,0.000377654728900001,0.000336623640958253,0.000347074493357786,0.000775556991313052,0.000828421058945959,0.000589158363279034,0.000705741078050591,0.000693342855569988,0.00147216953997816,0.00162202477519998,0.00166652653758818,0.00145383116559599,0.00134327313873014,0.000276944314998227,0.000763961829494054,0.000699333532528299,0.000126854594931321,8.63691424921146e-05
0.000358410398865189,0.000112793691636847,0.000265647364853427,0,0,0,0,0,0,0,0,0,0,0,0,0,0.000262791201280668,0,8.37354733132198e-05,0.000277793480117028,0.000670159872056696,0.000460874766045264,0.000849361323280802,0.000383513448543621,0.000875259405278681,0.000106256909352256,0.000107187657335872,0.000209049000552536,0.000367984407257705,0.000476529628464036,0.000689311970618706,0.000313881811611822,0.000209607737022449,0.000583583152666635,0.000541264342551641,0.000694490965423852,0.0006935376126249,0.000670188160109304,0.000592532560046767,0.00110277643095699,0.00123976929197066,0.00111796862429846,0.00154799926119016,0.00157986235794147,0.00143244937741251,0.000579075098551018,1.9239370724257e-06,2.47774730755241e-05,0.00044793538833326,0
